456245508
456245507
456245506
456245505
456245504
456245503
456245502
456245501
456245500
456245499
456245498
456245497
456245496
456245495
456245494
456245493
456245492
456245491
456245490
456245489
456245488
456245487
456245486
456245485
456245484
456245483
456245482
456245481
456245480
456245479
456245478
456245477
456245476
456245475
456245474
456245473
456245472
456245470
456245469
456245468
456245467
456245466
456245465
456245464
456245463
456245462
456245461
456245460
456245458
456245457
456245456
456245455
456245454
456245453
456245452
456245451
456245450
456245449
456245448
456245447
456245446
456245445
456245444
456245443
456245442
456245440
456245459
456245439
456245438
456245437
456245435
456245434
456245436
456245433
456245432
456245430
456245429
456245441
456245424
456245427
456245431
456245426
456245425
456245423
456245422
456245421
456245419
456245416
456245415
456245414
456245413
456245411
456245410
456245408
456245407
456245406
456245405
456245404
456245403
456245402
456245401
456245400
456245399
456245397
456245395
456245394
456245393
456245392
456245391
456245390
456245389
456245388
456245387
456245386
456245385
456245384
456245383
456245382
456245381
456245379
456245378
456245377
456245376
456245375
456245374
456245373
456245372
456245371
456245370
456245369
456245368
456245367
456245366
456245365
456245364
456245363
456245362
456245361
456245360
456245359
456245358
456245356
456245355
456245354
456245353
456245352
456245350
456245349
456245348
456245347
456245346
456245344
456245341
456245340
456245339
456245338
456245337
456245335
456245334
456245333
456245332
456245331
456245330
456245329
456245325
456245324
456245323
456245322
456245321
456245320
456245315
456245314
456245319
456245318
456245316
456245274
456245317
456245309
456245308
456245307
456245306
456245305
456245304
456245303
456245302
456245300
456245299
456245298
456245297
456245296
456245295
456245294
456245293
456245292
456245291
456245289
456245288
456245286
456245284
456245282
456245281
456245279
456245278
456245276
456245275
456245273
456245272
456245271
456245270
456245269
456245266
456245265
456245267
456245268
456245264
456245263
456245261
456245260
456245259
456245258
456245257
456245256
456245255
456245254
456245253
456245252
456245251
456245250
456245249
456245248
456245247
456245246
456245245
456245244
456245243
456245242
456245240
456245239
456245238
456245237
456245236
456245235
456245234
456245233
456245232
456245231
456245230
456245229
456245228
456245227
456245225
456245224
456245223
456245222
456245221
456245220
456245219
456245218
456245217
456245216
456245215
456245214
456245213
456245212
456245211
456245210
456245209
456245206
456245204
456245203
456245202
456245201
456245200
456245199
456245197
456245196
456245195
456245194
456245193
456245192
456245191
456245190
456245189
456245188
456245187
456245186
456245185
456245184
456245183
456245182
456245181
456245179
456245178
456245177
456245176
456245175
456245173
456245171
456245169
456245168
456245165
456245164
456245163
456245162
456245161
456245160
456245159
456245158
456245157
456245156
456245155
456245154
456245153
456245152
456245151
456245149
456245150
456245148
456245147
456245146
456245145
456245144
456245143
456245142
456245141
456245140
456245139
456245138
456245137
456245136
456245135
456245134
456245133
456245132
456245131
456245130
456245129
456245128
456245127
456245126
456245125
456245124
456245123
456245122
456245121
456245120
456245119
456245118
456245117
456245116
456245115
456245105
456245103
456245114
456245104
456245113
456245112
456245107
456245111
456245110
456245108
456245109
456245106
456245102
456245101
456245100
456245099
456245098
456245093
456245091
456245089
456245087
456245086
456245084
456245082
456245079
456245077
456245075
456245074
456245072
456245071
456245070
456245069
456245068
456245067
456245066
456245065
456245063
456245062
456245061
456245060
456245059
456245058
456245064
456245057
456245056
456245054
456245053
456245052
456245051
456245050
456245049
456245048
456245047
456245045
456245044
456245043
456245042
456245041
456245040
456245038
456245037
456245035
456245033
456245032
456245031
456245030
456245029
456245028
456245027
456245026
456245025
456245024
456245023
456245022
456245021
456245019
456245018
456245017
456245016
456245015
456245014
456245013
456245012
456245011
456245010
456245009
456245008
456245007
456245006
456245005
456245004
456245003
456245002
456245039
456245055
456245001
456245000
456244999
456244998
456244997
456244996
456244995
456244994
456244993
456244991
456244990
456244989
456244988
456244987
456244986
456244985
456244984
456244983
456244982
456244981
456244980
456244979
456244978
456244977
456244976
456244975
456244974
456244973
456244972
456244971
456244970
456244969
456244968
456244962
456244967
456244965
456244964
456244963
456244966
456244961
456244960
456244959
456244958
456244957
456244954
456244953
456244952
456244951
456244950
456244949
456244948
456244946
456244945
456244944
456244943
456244942
456244941
456244940
456244938
456244937
456244936
456244935
456244934
456244933
456244932
456244931
456244930
456244929
456244928
456244927
456244926
456244925
456244924
456244923
456244922
456244921
456244920
456244919
456244918
456244917
456244916
456244915
456244914
456244913
456244912
456244911
456244910
456244909
456244908
456244907
456244906
456244905
456244904
456244903
456244902
456244901
456244900
456244899
456244898
456244897
456244896
456244895
456244894
456244893
456244892
456244891
456244890
456244889
456244888
456244887
456244886
456244883
456244884
456244882
456244881
456244880
456244879
456244878
456244877
456244876
456244875
456244874
456244873
456244872
456244871
456244870
456244869
456244868
456244867
456244866
456244865
456244864
456244863
456244862
456244861
456244860
456244859
456244857
456244855
456244854
456244853
456244852
456244858
456244856
456244844
456244849
456244851
456244850
456244848
456244847
456244846
456244845
456244843
456244842
456244841
456244840
456244839
456244838
456244837
456244836
456244835
456244834
456244833
456244832
456244831
456244830
456244829
456244828
456244827
456244826
456244825
456244824
456244823
456244822
456244821
456244820
456244819
456244818
456244817
456244816
456244815
456244814
456244813
456244812
456244811
456244810
456244809
456244808
456244807
456244806
456244805
456244804
456244803
456244802
456244801
456244800
456244799
456244798
456244797
456244796
456244795
456244794
456244793
456244791
456244792
456244790
456244789
456244702
456244701
456244700
456244699
456244698
456244697
456244696
456244695
456244694
456244693
456244692
456244691
456244690
456244689
456244687
456244686
456244685
456244684
456244683
456244682
456244681
456244680
456244679
456244678
456244677
456244676
456244675
456244674
456244673
456244672
456244671
456244669
456244668
456244667
456244666
456244665
456244664
456244663
456244662
456244661
456244670
456244658
456244657
456244656
456244659
456244655
456244654
456244653
456244660
456244651
456244650
456244649
456244648
456244647
456244646
456244645
456244644
456244643
456244642
456244641
456244640
456244639
456244638
456244637
456244636
456244635
456244634
456244633
456244632
456244631
456244630
456244628
456244627
456244626
456244625
456244624
456244623
456244622
456244621
456244620
456244619
456244618
456244617
456244616
456244615
456244614
456244613
456244611
456244610
456244612
456244609
456244608
456244607
456244606
456244605
456244604
456244603
456244602
456244601
456244600
456244599
456244598
456244597
456244596
456244595
456244594
456244593
456244592
456244591
456244590
456244588
456244587
456244586
456244585
456244584
456244583
456244582
456244581
456244580
456244578
456244577
456244576
456244575
456244574
456244579
456244573
456244572
456244571
456244570
456244569
456244568
456244567
456244566
456244565
456244564
456244563
456244561
456244560
456244559
456244558
456244557
456244556
456244075
456244074
456244073
456244072
456244071
456244070
456244069
456244068
456244067
456244066
456244065
456244064
456244063
456244062
456244060
456244059
456244058
456244061
456244057
456244056
456244055
456244054
456244053
456244052
456244051
456244050
456244049
456244048
456244047
456244046
456244045
456244044
456244043
456244041
456244040
456244039
456244038
456244037
456244035
456244034
456244033
456244032
456244031
456244030
456244029
456244028
456244027
456244026
456244025
456244024
456244023
456244022
456244021
456244019
456244018
456244017
456244036
456244042
456244020
456244016
456244015
456244011
456244010
456244008
456244009
456244007
456244005
456244003
456244002
456244001
456244000
456243999
456243998
456243997
456243996
456243995
456243994
456244004
456244006
456243993
456243992
456243988
456243974
456243991
456243973
456243972
456243971
456243970
456243969
456243968
456243967
456243966
456243965
456243963
456243962
456243961
456243960
456243959
456243958
456243957
456243956
456243955
456243954
456243953
456243952
456243951
456243950
456243949
456243948
456243947
456243946
456243945
456243944
456243943
456243942
456243941
456243940
456243939
456243938
456243937
456243936
456243935
456243934
456243933
456243932
456243931
456243927
456243926
456243883
456243882
456243881
456243880
456243879
456243878
456243877
456243876
456243875
456243874
456243873
456243872
456243871
456243870
456243869
456243867
456243866
456243865
456243868
456243864
456243863
456243862
456243861
456243860
456243859
456243858
456243857
456243856
456243855
456243854
456243853
456243852
456243851
456243850
456243849
456243848
456243847
456243846
456243845
456243844
456243843
456243842
456243841
456243840
456243839
456243838
456243837
456243836
456243835
456243834
456243833
456243832
456243791
456243790
456243789
456243787
456243786
456243785
456243784
456243783
456243782
456243781
456243780
456243779
456243778
456243777
456243776
456243775
456243774
456243773
456243772
456243771
456243770
456243769
456243768
456243767
456243766
456243765
456243764
456243763
456243762
456243761
456243760
456243759
456243758
456243757
456243756
456243755
456243754
456243752
456243751
456243750
456243749
456243748
456243747
456243746
456243745
456243744
456243743
456243742
456243741
456243740
456243739
456243738
456243737
456243736
456243735
456243734
456243733
456243732
456243731
456243730
456243729
456243713
456243712
456243710
456243709
456243706
456243705
456243704
456243703
456243702
456243701
456243700
456243699
456243698
456243697
456243696
456243695
456243694
456243693
456243692
456243691
456243690
456243689
456243688
456243687
456243686
456243685
456243684
456243683
456243682
456243681
456243679
456243680
456243678
456243677
456243676
456243675
456243674
456243673
456243672
456243671
456243670
456243669
456243668
456243658
456243657
456243656
456243655
456243654
456243653
456243652
456243651
456243650
456243649
456243648
456243647
456243599
456243598
456243597
456243596
456243595
456243594
456243593
456243592
456243591
456243590
456243589
456243588
456243587
456243585
456243584
456243583
456243582
456243586
456243581
456243580
456243579
456243578
456243577
456243576
456243575
456243574
456243573
456243572
456243571
456243570
456243569
456243568
456243567
456243566
456243565
456243564
456243563
456243500
456243260
456243259
456243258
456243217
456243176
456243175
456243174
456243173
456243172
456243171
456243170
456243169
456243168
456243167
456243166
456243165
456243164
456243163
456243162
456243161
456243160
456243159
456243158
456243157
456243156
456243155
456243154
456243153
456243152
456243151
456243150
456243149
456243148
456243147
456243146
456243145
456243144
456243143
456243142
456243141
456243140
456243139
456243138
456243137
456243136
456243135
456243134
456243133
456243132
456243131
456243130
456243129
456243128
456243127
456243126
456243125
456243124
456243123
456243122
456243121
456243120
456243119
456243118
456243117
456243116
456243115
456243114
456243113
456243112
456243111
456243110
456243109
456243108
456243107
456243106
456243105
456243104
456243103
456243102
456243101
456243100
456243099
456243098
456243097
456243096
456243095
456243094
456243093
456243092
456243091
456243090
456243089
456243088
456243087
456243086
456243085
456243084
456243083
456243082
456243081
456243080
456243079
456243078
456243077
456243076
456243075
456243074
456243073
456243072
456243071
456243070
456243069
456243068
456243067
456243066
456243065
456243064
456243063
456243062
456243061
456243060
456243059
456243058
456243057
456243056
456243055
456243054
456243053
456243052
456243050
456243049
456243048
456243047
456243046
456243045
456243044
456243043
456243041
456243040
456243039
456243035
456243042
456243034
456243051
456243033
456243032
456242991
456242990
456242989
456242988
456242987
456242986
456242985
456242984
456242983
456242982
456242981
456242980
456242979
456242978
456242977
456242976
456242975
456242974
456242973
456242972
456242971
456242970
456242969
456242968
456242967
456242966
456242965
456242964
456242963
456242962
456242961
456242960
456242959
456242958
456242957
456242956
456242955
456242954
456242953
456242952
456242951
456242950
456242949
456242948
456242947
456242946
456242945
456242944
456242943
456242942
456242941
456242940
456242939
456242938
456242937
456242936
456242935
456242934
456242933
456242932
456242931
456242930
456242929
456242928
456242927
456242926
456242925
456242924
456242923
456242922
456242921
456242809
456242725
456242724
456242723
456242722
456242721
456242720
456242719
456242718
456242717
456242716
456242715
456242714
456242713
456242712
456242711
456242710
456242709
456242708
456242707
456242706
456242705
456242704
456242703
456242702
456242701
456242700
456242699
456242698
456242697
456242696
456242695
456242694
456242693
456242692
456242691
456242690
456242687
456242686
456242685
456242684
456242683
456242682
456242681
456242680
456242679
456242678
456242677
456242676
456242675
456242674
456242673
456242672
456242671
456242670
456242669
456242668
456242667
456242666
456242665
456242664
456242663
456242662
456242661
456242660
456242658
456242656
456242655
456242654
456242653
456242651
456242650
456242648
456242646
456242644
456242643
456242642
456242641
456242640
456242638
456242633
456242632
456242630
456242629
456242628
456242626
456242625
456242624
456242623
456242622
456242620
456242618
456242617
456242615
456242613
456242612
456242611
456242610
456242609
456242608
456242607
456242606
456242605
456242604
456242603
456242602
456242601
456242600
456242599
456242635
456242598
456242597
456242596
456242595
456242594
456242593
456242592
456242591
456242590
456242589
456242588
456242587
456242586
456242585
456242584
456242583
456242582
456242581
456242575
456242580
456242579
456242578
456242577
456242576
456242574
456242573
456242572
456242571
456242570
456242569
456242567
456242566
456242565
456242564
456242563
456242562
456242561
456242560
456242559
456242558
456242557
456242556
456242555
456242542
456242520
456242519
456242518
456242487
456242486
456242485
456242453
456242452
456242451
456242450
456242449
456242448
456242447
456242446
456242445
456242444
456242443
456242442
456242441
456242440
456242439
456242438
456242437
456242436
456242435
456242434
456242433
456242432
456242431
456242430
456242429
456242358
456242357
456242356
456242355
456242354
456242353
456242352
456242351
456242349
456242350
456242348
456242347
456242346
456242345
456242344
456242343
456242342
456242341
456242340
456242339
456242337
456242338
456242336
456242335
456242334
456242333
456242332
456242331
456242330
456242329
456242328
456242320
456242327
456242326
456242325
456242324
456242323
456242322
456242321
456242319
456242318
456242317
456242316
456242315
456242314
456242313
456242312
456242311
456242310
456242309
456242308
456242307
456242306
456242305
456242304
456242303
456242302
456242299
456242301
456242300
456242298
456242296
456242294
456242295
456242293
456242292
456242291
456242290
456242289
456242288
456242287
456242286
456242285
456242284
456242283
456242282
456242281
456242280
456242279
456242278
456242277
456242276
456242275
456242273
456242272
456242271
456242270
456242269
456242268
456242267
456242266
456242265
456242264
456242263
456242262
456242261
456242260
456242259
456242258
456242257
456242256
456242255
456242254
456242253
456242252
456242251
456242250
456242249
456242248
456242247
456242246
456242245
456242244
456242243
456242242
456242241
456242240
456242239
456242238
456242237
456242236
456242235
456242234
456242233
456242231
456242230
456242229
456242228
456242227
456242226
456242225
456242224
456242223
456242222
456242221
456242220
456242219
456242218
456242217
456242216
456242215
456242214
456242213
456242212
456242211
456242210
456242209
456242208
456242207
456242206
456242205
456242204
456242160
456242159
456242158
456242157
456242156
456242155
456242154
456242153
456242152
456242151
456242150
456242149
456242148
456242147
456242146
456242145
456242144
456242143
456242142
456242141
456242140
456242139
456242138
456242137
456242136
456242135
456242232
456242134
456242132
456242133
456242131
456242130
456242129
456242128
456242127
456242126
456242125
456242124
456242123
456242122
456242121
456242120
456242119
456242118
456242117
456242116
456242115
456242114
456242113
456242112
456242111
456242110
456242109
456242108
456242107
456242106
456242105
456242103
456242102
456242101
456242100
456242099
456242098
456242097
456242096
456242104
456242095
456242094
456242093
456242092
456242091
456242090
456242089
456242088
456242087
456242086
456242085
456242083
456242082
456242081
456242080
456242079
456242078
456242077
456242076
456242075
456242074
456242073
456242072
456242071
456242070
456242069
456242068
456242067
456242066
456242065
456242064
456242063
456242062
456242061
456242060
456242059
456242058
456242057
456242056
456242055
456242054
456242053
456242052
456242051
456242050
456242049
456242048
456242047
456242046
456242045
456242044
456242043
456242042
456242041
456242040
456242039
456242038
456242037
456242036
456242035
456242034
456242033
456242032
456242031
456242030
456242029
456242028
456242027
456242026
456242024
456242022
456242025
456242021
456242020
456242023
456242019
456242018
456242017
456242016
456242015
456242014
456242013
456242012
456242011
456242010
456242009
456242008
456242007
456242006
456242005
456242004
456242003
456242002
456242001
456241960
456241959
456241958
456241957
456241956
456241955
456241954
456241953
456241952
456241951
456241950
456241949
456241912
456241948
456241947
456241946
456241945
456241944
456241943
456241942
456241941
456241940
456241939
456241938
456241937
456241936
456241935
456241934
456241933
456241932
456241931
456241930
456241929
456241928
456241925
456241922
456241927
456241923
456241921
456241920
456241924
456241919
456241918
456241913
456241909
456241908
456241907
456241906
456241905
456241904
456241903
456241901
456241900
456241902
456241880
456241899
456241898
456241897
456241896
456241895
456241894
456241893
456241892
456241891
456241890
456241889
456241888
456241887
456241886
456241885
456241884
456241883
456241882
456241881
456241879
456241878
456241877
456241874
456241872
456241873
456241876
456241875
456241871
456241870
456241869
456241868
456241867
456241866
456241865
456241864
456241863
456241861
456241860
456241862
456241859
456241858
456241857
456241856
456241853
456241849
456241854
456241850
456241851
456241855
456241852
456241848
456241847
456241846
456241845
456241844
456241843
456241842
456241841
456241840
456241839
456241838
456241837
456241831
456241830
456241829
456241824
456241822
456241821
456241820
456241819
456241823
456241818
456241812
456241813
456241811
456241809
456241810
456241806
456241805
456241804
456241803
456241802
456241801
456241800
456241799
456241798
456241797
456241793
456241795
456241794
456241792
456241788
456241796
456241747
456241746
456241745
456241744
456241743
456241742
456241741
456241740
456241739
456241738
456241737
456241736
456241735
456241734
456241733
456241732
456241731
456241730
456241729
456241728
456241727
456241726
456241725
456241724
456241723
456241722
456241721
456241718
456241716
456241715
456241714
456241713
456241712
456241711
456241710
456241709
456241708
456241704
456241703
456241702
456241705
456241701
456241700
456241699
456241698
456241697
456241696
456241695
456241694
456241693
456241692
456241691
456241690
456241689
456241687
456241686
456241685
456241688
456241684
456241681
456241683
456241680
456241682
456241679
456241678
456241677
456241676
456241675
456241674
456241673
456241672
456241671
456241670
456241669
456241668
456241667
456241666
456241665
456241664
456241663
456241662
456241661
456241660
456241659
456241658
456241657
456241656
456241655
456241614
456241613
456241612
456241611
456241610
456241609
456241608
456241607
456241606
456241605
456241604
456241603
456241602
456241601
456241600
456241599
456241598
456241594
456241593
456241590
456241589
456241588
456241586
456241585
456241584
456241583
456241582
456241581
456241580
456241579
456241578
456241577
456241576
456241575
456241574
456241573
456241572
456241571
456241570
456241569
456241568
456241567
456241566
456241565
456241564
456241563
456241562
456241561
456241560
456241559
456241557
456241556
456241555
456241554
456241553
456241552
456241551
456241550
456241549
456241548
456241547
456241546
456241544
456241542
456241541
456241540
456241539
456241538
456241536
456241535
456241533
456241532
456241545
456241531
456241530
456241529
456241528
456241537
456241527
456241526
456241525
456241523
456241522
456241521
456241520
456241524
456241519
456241518
456241517
456241513
456241512
456241505
456241504
456241503
456241502
456241501
456241500
456241499
456241498
456241497
456241496
456241495
456241494
456241492
456241479
456241478
456241477
456241476
456241475
456241474
456241473
456241472
456241471
456241470
456241469
456241468
456241467
456241466
456241458
456241457
456241456
456241455
456241454
456241453
456241452
456241451
456241450
456241449
456241448
456241447
456241446
456241445
456241442
456241441
456241440
456241439
456241438
456241437
456241436
456241435
456241434
456241433
456241348
456241347
456241346
456241345
456241344
456241343
456241342
456241341
456241340
456241339
456241337
456241336
456241335
456241334
456241333
456241332
456241330
456241329
456241328
456241284
456241283
456241282
456241281
456241280
456241279
456241278
456241277
456241276
456241275
456241274
456241273
456241272
456241271
456241270
456241266
456241265
456241264
456241263
456241262
456241261
456241260
456241259
456241258
456241257
456241256
456241255
456241254
456241253
456241252
456241251
456241250
456241249
456241247
456241246
456241245
456241244
456241243
456241241
456241240
456241239
456241238
456241237
456241236
456241235
456241234
456241233
456241232
456241231
456241230
456241229
456241228
456241227
456241226
456241225
456241224
456241223
456241221
456241222
456241220
456241219
456241218
456241214
456241213
456241212
456241211
456241210
456241209
456241208
456241207
456241206
456241205
456241204
456241203
456241202
456241201
456241200
456241199
456241198
456241197
456241196
456241195
456241194
456241193
456241192
456241191
456241190
456241189
456241188
456241187
456241186
456241185
456241184
456241183
456241182
456241181
456241180
456241179
456241178
456241177
456241176
456241175
456241174
456241173
456241172
456241171
456241170
456241169
456241168
456241167
456241166
456241165
456241164
456241163
456241162
456241161
456241160
456241159
456241158
456241157
456241156
456241155
456241154
456241152
456241153
456241151
456241150
456241149
456241148
456241147
456241146
456241145
456241144
456241143
456241142
456241141
456241140
456241139
456241137
456241136
456241135
456241134
456241133
456241132
456241131
456241130
456241129
456241128
456241127
456241126
456241125
456241124
456241123
456241122
456241121
456241120
456241119
456241118
456241117
456241116
456241090
456241089
456241088
456241087
456241086
456241085
456241084
456241083
456241082
456241081
456241080
456241079
456241078
456241077
456241076
456241075
456241074
456241073
456241072
456241071
456241045
456241044
456241043
456241042
456241041
456241040
456241039
456241038
456241037
456241036
456241035
456241034
456241033
456241032
456241031
456241030
456241029
456241028
456241027
456241026
456241025
456241024
456241012
456241011
456241010
456241009
456241008
456241007
456241006
456241005
456241004
456241003
456241002
456241001
456241000
456240999
456240998
456240997
456240996
456240995
456240994
456240993
456240992
456240991
456240990
456240989
456240988
456240987
456240986
456240985
456240984
456240983
456240982
456240981
456240980
456240979
456240978
456240977
456240976
456240975
456240974
456240973
456240972
456240971
456240970
456240969
456240968
456240967
456240966
456240965
456240964
456240963
456240962
456240961
456240960
456240959
456240958
456240957
456240956
456240955
456240954
456240952
456240951
456240950
456240948
456240947
456240939
456240938
456240937
456240936
456240935
456240934
456240933
456240932
456240931
456240930
456240929
456240928
456240927
456240926
456240924
456240922
456240921
456240920
456240919
456240918
456240917
456240916
456240915
456240914
456240913
456240912
456240911
456240910
456240909
456240908
456240907
456240906
456240905
456240904
456240903
456240902
456240901
456240900
456240899
456240898
456240897
456240896
456240895
456240894
456240893
456240892
456240890
456240889
456240888
456240887
456240886
456240885
456240884
456240883
456240882
456240881
456240880
456240879
456240878
456240877
456240876
456240875
456240874
456240873
456240872
456240871
456240869
456240868
456240867
456240866
456240865
456240864
456240863
456240862
456240861
456240860
456240859
456240858
456240857
456240850
456240849
456240848
456240847
456240846
456240845
456240844
456240842
456240841
456240840
456240839
456240838
456240837
456240836
456240835
456240834
456240833
456240832
456240830
456240829
456240824
456240822
456240821
456240820
456240819
456240818
456240816
456240815
456240814
456240809
456240804
456240803
456240802
456240801
456240800
456240798
456240797
456240796
456240795
456240794
456240793
456240792
456240791
456240790
456240789
456240788
456240787
456240786
456240785
456240784
456240783
456240782
456240781
456240780
456240779
456240778
456240773
456240772
456240771
456240768
456240766
456240763
456240751
456240750
456240749
456240748
456240747
456240746
456240745
456240744
456240743
456240742
456240741
456240740
456240739
456240738
456240736
456240735
456240731
456240727
456240726
456240725
456240724
456240722
456240720
456240719
456240718
456240717
456240716
456240715
456240714
456240713
456240697
456240696
456240689
456240688
456240687
456240686
456240685
456240684
456240683
456240682
456240681
456240680
456240679
456240678
456240677
456240676
456240675
456240674
456240673
456240672
456240671
456240670
456240669
456240668
456240664
456240663
456240662
456240661
456240660
456240659
456240658
456240657
456240656
456240655
456240631
456240630
456240629
456240628
456240627
456240626
456240625
456240624
456240623
456240622
456240621
456240620
456240619
456240618
456240617
456240616
456240615
456240614
456240612
456240611
456240610
456240609
456240608
456240607
456240606
456240605
456240604
456240602
456240601
456240600
456240599
456240598
456240597
456240596
456240595
456240594
456240593
456240592
456240591
456240590
456240589
456240588
456240587
456240586
456240585
456240584
456240583
456240582
456240581
456240580
456240579
456240578
456240577
456240576
456240575
456240574
456240573
456240572
456240571
456240570
456240569
456240568
456240567
456240566
456240565
456240564
456240563
456240562
456240561
456240560
456240559
456240558
456240557
456240556
456240555
456240554
456240553
456240552
456240551
456240550
456240549
456240548
456240547
456240546
456240545
456240544
456240543
456240540
456240539
456240538
456240537
456240536
456240535
456240534
456240533
456240531
456240530
456240529
456240528
456240527
456240526
456240525
456240524
456240523
456240522
456240521
456240520
456240519
456240518
456240517
456240516
456240515
456240514
456240513
456240512
456240511
456240510
456240509
456240508
456240507
456240505
456240504
456240503
456240502
456240501
456240500
456240499
456240498
456240497
456240496
456240495
456240494
456240490
456240489
456240488
456240487
456240485
456240482
456240479
456240466
456240465
456240464
456240463
456240462
456240461
456240460
456240459
456240458
456240457
456240456
456240455
456240454
456240453
456240452
456240451
456240448
456240445
456240444
456240443
456240442
456240441
456240440
456240439
456240438
456240437
456240436
456240435
456240434
456240433
456240432
456240431
456240430
456240429
456240428
456240427
456240426
456240425
456240424
456240423
456240422
456240421
456240420
456240419
456240418
456240417
456240416
456240415
456240414
456240413
456240412
456240411
456240410
456240409
456240408
456240406
456240405
456240404
456240403
456240402
456240401
456240400
456240399
456240398
456240397
456240396
456240395
456240394
456240393
456240392
456240391
456240390
456240389
456240388
456240387
456240386
456240385
456240383
456240380
456240379
456240378
456240377
456240376
456240375
456240374
456240373
456240372
456240371
456240370
456240369
456240368
456240367
456240366
456240365
456240364
456240363
456240362
456240361
456240360
456240359
456240358
456240357
456240356
456240355
456240354
456240353
456240352
456240351
456240350
456240349
456240348
456240347
456240346
456240345
456240344
456240343
456240341
456240340
456240339
456240338
456240337
456240336
456240335
456240334
456240333
456240332
456240331
456240330
456240329
456240328
456240327
456240326
456240325
456240324
456240323
456240322
456240321
456240320
456240319
456240317
456240316
456240315
456240314
456240313
456240312
456240311
456240310
456240309
456240308
456240307
456240306
456240305
456240304
456240302
456240301
456240300
456240299
456240298
456240297
456240296
456240295
456240294
456240293
456240292
456240291
456240290
456240289
456240288
456240287
456240286
456240285
456240284
456240283
456240282
456240281
456240280
456240279
456240278
456240277
456240276
456240275
456240274
456240273
456240272
456240271
456240270
456240269
456240268
456240267
456240266
456240265
456240264
456240263
456240262
456240261
456240260
456240259
456240258
456240256
456240255
456240254
456240253
456240252
456240251
456240250
456240249
456240248
456240247
456240246
456240245
456240244
456240243
456240242
456240241
456240240
456240238
456240237
456240236
456240235
456240234
456240233
456240232
456240231
456240230
456240229
456240228
456240227
456240226
456240225
456240224
456240222
456240221
456240220
456240219
456240218
456240217
456240216
456240215
456240214
456240213
456240212
456240211
456240209
456240208
456240207
456240206
456240205
456240204
456240203
456240202
456240201
456240200
456240199
456240198
456240197
456240196
456240195
456240194
456240193
456240192
456240191
456240190
456240187
456240186
456240185
456240184
456240183
456240182
456240181
456240180
456240179
456240178
456240177
456240175
456240174
456240172
456240171
456240170
456240169
456240168
456240167
456240166
456240165
456240164
456240162
456240161
456240160
456240159
456240158
456240157
456240156
456240154
456240153
456240152
456240151
456240150
456240149
456240148
456240147
456240146
456240145
456240144
456240143
456240142
456240141
456240140
456240139
456240138
456240137
456240136
456240135
456240134
456240133
456240132
456240131
456240130
456240129
456240128
456240127
456240126
456240125
456240124
456240122
456240121
456240120
456240119
456240118
456240117
456240115
456240114
456240113
456240112
456240110
456240109
456240108
456240107
456240106
456240105
456240104
456240103
456240102
456240101
456240100
456240099
456240098
456240097
456240096
456240095
456240094
456240093
456240092
456240091
456240090
456240089
456240088
456240086
456240084
456240083
456240082
456240081
456240080
456240079
456240078
456240077
456240076
456240075
456240074
456240073
456240072
456240071
456240070
456240069
456240068
456240067
456240066
456240065
456240064
456240063
456240062
456240060
456240059
456240058
456240057
456240056
456240055
456240054
456240053
456240052
456240051
456240050
456240049
456240048
456240047
456240046
456240045
456240044
456240043
456240042
456240041
456240040
456240039
456240038
456240037
456240036
456240035
456240034
456240033
456240032
456240031
456240030
456240029
456240027
456240026
456240025
456240024
456240023
456240022
456240021
456240020
456240019
456240018
456240017
456240016
456240015
456240014
456240013
456240011
456240010
456240009
456240008
456240007
456240006
456240004
456240003
456240002
456240001
456240000
456239999
456239998
456239997
456239996
456239995
456239994
456239993
456239992
456239991
456239990
456239988
456239987
456239986
456239985
456239984
456239983
456239982
456239981
456239980
456239979
456239978
456239977
456239976
456239975
456239974
456239973
456239971
456239970
456239969
456239968
456239966
456239965
456239964
456239963
456239962
456239961
456239960
456239959
456239958
456239957
456239956
456239955
456239954
456239953
456239951
456239950
456239949
456239948
456239947
456239944
456239943
456239942
456239941
456239940
456239939
456239938
456239937
456239936
456239935
456239934
456239933
456239932
456239931
456239930
456239929
456239928
456239927
456239926
456239923
456239922
456239921
456239920
456239919
456239918
456239917
456239916
456239915
456239914
456239912
456239911
456239910
456239909
456239908
456239907
456239906
456239905
456239904
456239903
456239894
456239893
456239891
456239890
456239889
456239888
456239886
456239885
456239883
456239877
456239876
456239870
456239869
456239868
456239867
456239866
456239865
456239862
456239861
456239859
456239857
456239856
456239855
456239853
456239852
456239851
456239850
456239849
456239848
456239847
456239846
456239845
456239844
456239843
456239842
456239841
456239839
456239838
456239837
456239833
456239832
456239831
456239830
456239829
456239827
456239826
456239825
456239824
456239823
456239822
456239821
456239820
456239818
456239816
456239815
456239814
456239813
456239811
456239810
456239809
456239808
456239807
456239806
456239805
456239804
456239802
456239800
456239798
456239797
456239796
456239795
456239794
456239793
456239792
456239791
456239790
456239789
456239788
456239786
456239785
456239784
456239783
456239782
456239781
456239780
456239779
456239778
456239777
456239776
456239775
456239773
456239772
456239771
456239770
456239768
456239766
456239764
456239762
456239761
456239760
456239759
456239758
456239757
456239756
456239753
456239751
456239750
456239749
456239748
456239747
456239746
456239745
456239744
456239743
456239742
456239741
456239740
456239737
456239736
456239735
456239734
456239733
456239732
456239731
456239730
456239729
456239728
456239720
456239719
456239718
456239717
456239716
456239715
456239714
456239713
456239710
456239709
456239708
456239707
456239706
456239705
456239704
456239702
456239701
456239700
456239699
456239698
456239695
456239694
456239692
456239691
456239687
456239686
456239685
456239684
456239683
456239681
456239680
456239679
456239678
456239676
456239675
456239673
456239671
456239669
456239667
456239666
456239665
456239664
456239662
456239661
456239660
456239659
456239657
456239656
456239655
456239654
456239653
456239652
456239649
456239648
456239647
456239646
456239644
456239637
456239633
456239632
456239628
456239626
456239623
456239619
456239613
456239611
456239610
456239605
456239604
456239597
456239594
456239587
456239585
456239581
456239579
456239578
456239576
456239569
456239566
456239561
456239560
456239559
456239557
456239548
456239546
456239545
456239542
456239541
456239538
456239536
456239534
456239507
456239506
456239503
456239501
456239499
456239498
456239492
456239491
456239489
456239487
456239481
456239478
456239477
456239476
456239475
456239471
456239459
456239458
456239457
456239456
456239454
456239440
456239437
456239438
456239436
456239433
456239431
456239429
456239428
456239427
456239426
456239424
456239420
456239419
456239418
456239417
456239416
456239415
456239413
456239412
456239411
456239410
456239409
456239408
456239405
456239403
456239402
456239400
456239399
456239398
456239397
456239394
456239393
456239392
456239391
456239389
456239388
456239387
456239386
456239385
456239384
456239383
456239381
456239378
456239376
456239375
456239374
456239372
456239371
456239370
456239369
456239368
456239367
456239366
456239365
456239364
456239363
456239362
456239361
456239359
456239357
456239355
456239351
456239350
456239349
456239347
456239346
456239345
456239344
456239343
456239342
456239339
456239338
456239336
456239334
456239332
456239331
456239329
456239327
456239325
456239324
456239323
456239322
456239321
456239320
456239319
456239318
456239317
456239316
456239315
456239314
456239312
456239311
456239310
456239308
456239303
456239302
456239275
456239274
456239273
456239271
456239270
456239269
456239268
456239267
456239266
456239265
456239264
456239262
456239261
456239260
456239259
456239258
456239257
456239240
456239225
456239224
456239222
456239211
456239174
456239172
456239171
456239161
456239160
456239159
456239151
456239143
456239142
456239141
456239132
456239130
456239127
456239120
456239115
456239098
456239093
456239066
